%!PS-Adobe-2.0
%%Creator: "barcode", libbarcode sample frontend
%%DocumentPaperSizes: a4
%%EndComments
%%EndProlog

%%Page: 1 1

% Printing barcode for "0 UNION SELECT 1", scaled  2.70, encoded using "code 128-B"
% The space/bar succession is represented by the following widths (space first):
% 02112141231222122222131311133212313111331211133212122222131131321131321311321131313212133112122221232213113212331112
[
%  height  xpos   ypos  width       height  xpos   ypos  width
   [800.00  12.70  10.00  5.25]      [800.00  19.45  10.00  2.55]
   [800.00  27.56  10.00  2.55]      [800.00  41.07  10.00  2.55]
   [800.00  51.87  10.00  7.95]      [800.00  61.33  10.00  5.25]
   [800.00  72.13  10.00  5.25]      [800.00  80.24  10.00  5.25]
   [800.00  91.04  10.00  5.25]      [800.00 101.85  10.00  5.25]
   [800.00 111.30  10.00  7.95]      [800.00 122.11  10.00  7.95]
   [800.00 130.21  10.00  2.55]      [800.00 138.32  10.00  7.95]
   [800.00 153.18  10.00  5.25]      [800.00 161.28  10.00  5.25]
   [800.00 173.44  10.00  2.55]      [800.00 184.24  10.00  2.55]
   [800.00 189.64  10.00  2.55]      [800.00 203.15  10.00  7.95]
   [800.00 212.61  10.00  5.25]      [800.00 219.36  10.00  2.55]
   [800.00 227.46  10.00  7.95]      [800.00 242.32  10.00  5.25]
   [800.00 250.43  10.00  5.25]      [800.00 258.53  10.00  5.25]
   [800.00 269.34  10.00  5.25]      [800.00 280.14  10.00  5.25]
   [800.00 289.60  10.00  7.95]      [800.00 297.70  10.00  2.55]
   [800.00 308.51  10.00  2.55]      [800.00 320.66  10.00  5.25]
   [800.00 327.42  10.00  2.55]      [800.00 338.22  10.00  2.55]
   [800.00 350.38  10.00  5.25]      [800.00 359.83  10.00  7.95]
   [800.00 367.94  10.00  2.55]      [800.00 380.09  10.00  5.25]
   [800.00 386.85  10.00  2.55]      [800.00 397.65  10.00  2.55]
   [800.00 408.46  10.00  2.55]      [800.00 420.62  10.00  5.25]
   [800.00 428.72  10.00  5.25]      [800.00 438.18  10.00  7.95]
   [800.00 451.68  10.00  2.55]      [800.00 458.44  10.00  5.25]
   [800.00 466.54  10.00  5.25]      [800.00 477.35  10.00  5.25]
   [800.00 486.80  10.00  2.55]      [800.00 497.61  10.00  7.95]
   [800.00 509.76  10.00  5.25]      [800.00 519.22  10.00  7.95]
   [800.00 527.32  10.00  2.55]      [800.00 539.48  10.00  5.25]
   [800.00 547.58  10.00  5.25]      [800.00 562.44  10.00  7.95]
   [800.00 570.55  10.00  2.55]      [800.00 577.30  10.00  5.25]

]	{ {} forall setlinewidth moveto 0 exch rlineto stroke} bind forall
% End barcode for "0 UNION SELECT 1"

showpage
%%Trailer

