%!PS-Adobe-2.0
%%Creator: "barcode", libbarcode sample frontend
%%DocumentPaperSizes: a4
%%EndComments
%%EndProlog

%%Page: 1 1

% Printing barcode for "1554949; UPDATE * SET price=1", scaled  1.61, encoded using "code 128-B"
% The space/bar succession is represented by the following widths (space first):
% 02112141232212132122132122212313211222212313211223122122122222131313131211123131113232133111321132122222213122122222131131321132133112122221112421212411421121411221122143222111232211131232331112
[
%  height  xpos   ypos  width       height  xpos   ypos  width
   [800.00  11.61  10.00  3.07]      [800.00  15.64  10.00  1.46]
   [800.00  20.47  10.00  1.46]      [800.00  28.52  10.00  1.46]
   [800.00  34.96  10.00  4.68]      [800.00  42.20  10.00  3.07]
   [800.00  47.03  10.00  3.07]      [800.00  52.67  10.00  4.68]
   [800.00  59.11  10.00  1.46]      [800.00  64.75  10.00  3.07]
   [800.00  70.38  10.00  4.68]      [800.00  76.82  10.00  1.46]
   [800.00  82.46  10.00  3.07]      [800.00  88.09  10.00  1.46]
   [800.00  94.53  10.00  4.68]      [800.00 100.97  10.00  4.68]
   [800.00 107.42  10.00  1.46]      [800.00 111.44  10.00  3.07]
   [800.00 117.88  10.00  3.07]      [800.00 123.52  10.00  1.46]
   [800.00 129.96  10.00  4.68]      [800.00 136.40  10.00  4.68]
   [800.00 142.84  10.00  1.46]      [800.00 146.86  10.00  3.07]
   [800.00 154.11  10.00  4.68]      [800.00 159.75  10.00  3.07]
   [800.00 165.38  10.00  1.46]      [800.00 171.02  10.00  3.07]
   [800.00 175.85  10.00  3.07]      [800.00 182.29  10.00  3.07]
   [800.00 188.73  10.00  3.07]      [800.00 194.36  10.00  4.68]
   [800.00 200.81  10.00  4.68]      [800.00 207.25  10.00  4.68]
   [800.00 213.69  10.00  4.68]      [800.00 219.32  10.00  3.07]
   [800.00 223.35  10.00  1.46]      [800.00 227.37  10.00  3.07]
   [800.00 234.62  10.00  1.46]      [800.00 241.06  10.00  1.46]
   [800.00 244.28  10.00  1.46]      [800.00 251.53  10.00  3.07]
   [800.00 259.58  10.00  3.07]      [800.00 265.21  10.00  4.68]
   [800.00 273.26  10.00  1.46]      [800.00 276.48  10.00  1.46]
   [800.00 283.73  10.00  3.07]      [800.00 287.75  10.00  1.46]
   [800.00 295.00  10.00  3.07]      [800.00 299.83  10.00  3.07]
   [800.00 306.27  10.00  3.07]      [800.00 312.71  10.00  3.07]
   [800.00 318.35  10.00  1.46]      [800.00 324.79  10.00  1.46]
   [800.00 330.42  10.00  3.07]      [800.00 335.25  10.00  3.07]
   [800.00 341.69  10.00  3.07]      [800.00 348.14  10.00  3.07]
   [800.00 353.77  10.00  4.68]      [800.00 358.60  10.00  1.46]
   [800.00 365.04  10.00  1.46]      [800.00 372.29  10.00  3.07]
   [800.00 376.31  10.00  1.46]      [800.00 383.56  10.00  3.07]
   [800.00 389.19  10.00  4.68]      [800.00 397.25  10.00  1.46]
   [800.00 401.27  10.00  3.07]      [800.00 406.10  10.00  3.07]
   [800.00 412.54  10.00  3.07]      [800.00 418.18  10.00  1.46]
   [800.00 421.40  10.00  1.46]      [800.00 428.64  10.00  6.29]
   [800.00 435.89  10.00  1.46]      [800.00 440.72  10.00  1.46]
   [800.00 447.97  10.00  6.29]      [800.00 453.60  10.00  1.46]
   [800.00 462.46  10.00  3.07]      [800.00 466.48  10.00  1.46]
   [800.00 471.31  10.00  1.46]      [800.00 479.36  10.00  1.46]
   [800.00 483.39  10.00  3.07]      [800.00 489.03  10.00  1.46]
   [800.00 493.05  10.00  3.07]      [800.00 498.69  10.00  1.46]
   [800.00 508.35  10.00  4.68]      [800.00 515.59  10.00  3.07]
   [800.00 521.23  10.00  1.46]      [800.00 524.45  10.00  1.46]
   [800.00 530.89  10.00  4.68]      [800.00 538.14  10.00  3.07]
   [800.00 542.16  10.00  1.46]      [800.00 546.99  10.00  4.68]
   [800.00 552.63  10.00  3.07]      [800.00 560.68  10.00  3.07]
   [800.00 569.53  10.00  4.68]      [800.00 574.36  10.00  1.46]
   [800.00 578.39  10.00  3.07]   
]	{ {} forall setlinewidth moveto 0 exch rlineto stroke} bind forall
% End barcode for "1554949; UPDATE * SET price=1"

showpage
%%Trailer

